2
59690
8628
51419
43663
0
75568
19561
86525
18851
129231
2
97657
2
59160
46725
19712
21765
35570
63912
46104
95142
0
16261
53259
35067
79240
54927
47537
35260
29099
0
11760
48120
402
0
31342
92159
2
5556
49126
0
22826
0
64385
0
12759
84999
59439
2
90820
32298
14046
81894
0
0
2
48225
60449
34805
50930
81435
0
34494
20413
90943
2
36222
2
52413
0
2
2
3255
56681
79001
31880
16265
79879
83756
13720
2
7069
81313
87718
121462
7959
47621
0
3348
101806
52339
2375
34479
112417
0
17222
67163
0
0
6352
2
88114
94902
32256
2864
25760
0
27969
44764
60163
2
0
24470
1271
44017
6471
10423
126950
0
2753
31840
50166
20572
96096
120120
26840
0
23134
2
43219
26902
95010
15103
59634
39579
10855
17124
53406
79932
0
43013
9103
68622
47887
64720
66528
59652
32182
2
0
42612
87150
42052
79749
78436
77327
34691
2
92735
0
14015
0
62423
0
29174
18303
2
78474
90152
2
7581
85112
67874
63100
2
53300
52418
14028
44502
478
64639
1160
30169
0
9114
24160
25088
99359
2
59309
66145
122737
98886
0
33353
59649
26156
126137
8814
2
43862
29639
72963
112504
38901
2
17417
97395
16569
0
84641
16635
10999
67369
2
73032
79381
10313
41133
2
103880
0
46929
22879
18461
70793
92788
32145
2
8356
51097
2
15048
2
52322
0
58700
86105
76494
2
23595
68961
22440
92806
0
76929
0
30169
71770
2
20903
2
92872
97705
25609
2
2
76016
4818
10257
76014
0
69977
70916
86656
78964
96685
108568
0
93666
100929
2
2
45209
94732
2
25224
2
21276
112223
68191
68504
81454
7430
3394
15264
39487
29898
0
67924
0
53927
297
48593
16306
44758
2
2
0
2
2
50626
41837
32509
103160
2
49354
128601
30979
0
35553
38497
83534
47094
0
84565
18475
19898
65386
63854
17915
23984
90273
0
22858
2
38732
2
4433
0
52970
64420
73457
64986
0
15081
111735
2
28615
77044
45900
66454
22982
30626
87641
0
55794
0
53628
5657
20621
76980
68866
0
17118
0
0
12017
2
45240
247
48238
13233
26750
80487
69430
99641
2
35322
0
2
80894
31425
4936
96415
0
72045
22257
0
36744
9112
97194
95061
73847
86049
2
0
92790
121536
58777
85773
55847
36018
94552
97870
89293
76972
0
0
369
0
18824
76183
2
2
77855
0
1325
53252
2
2
93771
95109
73788
0
86926
0
10415
97151
15268
91673
32646
13407
81754
19287
2
94313
2
36855
88674
41184
50763
0
0
60718
2
30027
9831
0
89318
45077
0
2
2
64998
0
0
2537
108359
17526
4677
0
2
52470
31430
88542
88392
2
0
2
99142
40349
110126
0
28856
2
81253
28758
2
50976
115272
2
0
27893
67311
0
28634
115647
56112
0
31402
7486
2
2
54095
99274
64159
23543
52465
11246
2
2
0
5887
33921
10097
0
40353
98343
0
19206
59002
55560
98325
70649
34779
78068
49906
73822
97211
51592
19207
37351
1921
68799
2
2
0
87582
121127
85858
68867
47151
2
2
91220
129817
82007
11959
69327
92250
52994
86796
88881
2
25826
126207
22501
72273
88726
46585
19134
85975
2
79711
0
0
0
0
2
59521
27992
49236
95291
23817
94949
93119
31185
97222
52370
110030
56377
2
128577
94838
88763
62160
87431
14504
0
76060
2
91562
2
15547
56902
0
97028
25584
57364
73333
4999
2
96934
41692
2
0
66095
125688
75476
16945
69905
30063
75430
14885
15281
13120
81786
125655
0
104705
67743
2
71585
36639
17448
18378
19119
47167
0
0
30982
0
2
39057
87624
41847
53267
33566
57846
46161
2
73834
48598
83943
34620
29305
0
87225
60279
23628
68893
24747
71379
71238
0
62693
108806
0
70567
41967
99134
24838
28965
93375
52860
98567
0
49313
14293
0
64088
0
92124
0
2
50306
88408
52340
124513
97793
8223
2
70808
2827
85672
2
2
29465
0
0
0
84756
20770
4631
33199
30032
0
2
29375
2
31144
81200
0
2
12541
67242
0
2
110534
52325
22209
21209
0
9938
94228
2
12827
2
9606
98212
13020
14234
0
2
0
2
57694
44254
0
98
65583
2
27168
91982
97461
1487
373
39844
107488
124990
39890
11859
2
85855
11554
0
60175
31495
7896
2575
17209
0
47294
58471
55439
24887
93313
71990
84644
6255
0
40160
22009
0
96677
48813
118193
64751
51478
28066
64574
2992
10729
84871
82344
75408
35485
50865
19272
72638
44162
0
46544
12022
0
12544
96602
52518
2
39762
0
38184
46513
76377
2
107687
14975
2
78208
0
93111
0
30046
66441
93687
62502
10557
6473
32005
11252
90041
40022
32716
64471
20674
8367
2
54020
55183
2
70243
2
52362
37281
0
72369
40745
29124
95125
59419
85520
0
33751
49483
2
70169
2
29211
80608
130670
2
42029
2
29382
59392
2
10525
82936
23487
0
56062
76822
91550
5930
2
2
50931
89552
42543
71144
70561
0
2
84973
23834
92777
10465
89575
90385
129727
34091
99930
2
86876
10569
13775
2
18344
22843
33943
8993
37386
30849
0
58436
33901
0
64799
36393
2
7032
0
82940
2
0
0
44702
41734
23397
24905
2
65617
22557
65465
102201
91264
85105
36074
103953
42027
2
79290
67591
60102
0
2
2
93119
2911
128350
9729
42482
3109
2
21191
17651
58902
2
48118
2
0
59900
7353
0
2
4689
17848
0
40995
54016
90678
84788
0
52786
24533
95374
0
69194
111673
20320
81810
0
13878
83743
107486
49528
95132
38605
66594
92236
6589
86481
2
66767
83979
0
68424
9132
59591
77614
31169
0
2
13013
94799
35147
83542
0
83081
43204
0
0
22033
0
59233
77170
22973
29657
54784
0
98799
88013
2378
38396
27296
117264
20675
63214
31096
83911
0
0
74535
121975
97222
89064
9999
43203
17458
34670
118903
45306
13088
37059
34515
2
0
89815